42797
25752
60275
5222
46988
63605
13651
58979
83708
62779
4377
39497
77458
22799
22002
20915
79798
77974
50129
14356
84670
89330
38169
49989
63781
58629
80729
53881
50200
89025
50223
31756
92984
23144
30075
29184
33129
12441
46414
87750
90570
80747
91101
37156
51987
99597
89185
72097
37452
7656
82341
25675
43962
25392
48901
36276
94790
54583
90980
29336
10196
72752
13116
89193
44488
66165
68962
10457
31175
26336
74741
39139
43174
24239
18050
87361
30571
51927
74461
32911
87670
59719
2901
62536
91121
77742
20211
26596
44659
35229
75988
52776
34089
36555
42081
52493
16306
91691
80395
60854
76023
51719
75953
72356
62963
66157
32104
83940
46974
88760
8846
41916
22076
67184
76148
77227
79645
96707
6453
19774
61240
53622
37467
4900
92290
46097
7140
45325
23962
26696
61945
699
19144
42649
47830
25946
53542
86884
53825
19149
57635
95378
18962
91269
69824
80884
64480
46673
33002
93340